[views/status]
version = 6.5.2
modtime = 1487109888.309825000

[macros/tadoIndex]
version = 6.5.2
modtime = 1487279702.152476000
